
--------------------
1 -> { 5 , 14 } { 6 , 15 } { 14 , 50 } { 18 , 11 } { 20 , 15 } { 2 , 14 } 
2 -> { 16 , 18 } { 4 , 14 } { 1 , 14 } 
3 -> { 6 , 16 } { 7 , 6 } { 8 , 5 } { 9 , 20 } { 22 , 12 } 
4 -> { 2 , 14 } 
5 -> { 1 , 14 } { 11 , 17 } { 12 , 8 } 
6 -> { 3 , 16 } { 9 , 3 } { 1 , 15 } { 18 , 15 } { 23 , 21 } 
7 -> { 3 , 6 } { 8 , 8 } { 10 , 17 } 
8 -> { 3 , 5 } { 7 , 8 } { 13 , 10 } 
9 -> { 6 , 3 } { 10 , 4 } { 3 , 20 } { 14 , 15 } 
10 -> { 9 , 4 } { 13 , 8 } { 7 , 17 } 
11 -> { 5 , 17 } { 13 , 13 } { 14 , 20 } 
12 -> { 5 , 8 } { 13 , 13 } { 17 , 5 } 
13 -> { 12 , 13 } { 14 , 19 } { 11 , 13 } { 8 , 10 } { 10 , 8 } 
14 -> { 13 , 19 } { 11 , 20 } { 1 , 50 } { 9 , 15 } 
15 -> { 16 , 20 } 
16 -> { 15 , 20 } { 17 , 11 } { 2 , 18 } { 19 , 16 } 
17 -> { 16 , 11 } { 12 , 5 } 
18 -> { 1 , 11 } { 6 , 15 } 
19 -> { 16 , 16 } { 20 , 8 } { 21 , 12 } 
20 -> { 1 , 15 } { 19 , 8 } { 21 , 9 } 
21 -> { 20 , 9 } { 19 , 12 } 
22 -> { 3 , 12 } { 23 , 13 } 
23 -> { 6 , 21 } { 22 , 13 } 

--------------------

--------------------
---------------------OUTPUT------------------------

--------------------
1 -> { 5 , 14 } { 6 , 15 } { 14 , 50 } { 18 , 11 } { 20 , 15 } { 2 , 14 } 
2 -> { 16 , 18 } { 4 , 14 } { 1 , 14 } 
3 -> { 6 , 16 } { 7 , 6 } { 8 , 5 } { 9 , 20 } { 22 , 12 } 
4 -> { 2 , 14 } 
5 -> { 1 , 14 } { 11 , 17 } { 12 , 8 } 
6 -> { 3 , 16 } { 9 , 3 } { 1 , 15 } { 18 , 15 } { 23 , 21 } 
7 -> { 3 , 6 } { 8 , 8 } { 10 , 17 } 
8 -> { 3 , 5 } { 7 , 8 } { 13 , 10 } 
9 -> { 6 , 3 } { 10 , 4 } { 3 , 20 } { 14 , 15 } 
10 -> { 9 , 4 } { 13 , 8 } { 7 , 17 } 
11 -> { 5 , 17 } { 13 , 13 } { 14 , 20 } 
12 -> { 5 , 8 } { 13 , 13 } { 17 , 5 } 
13 -> { 12 , 13 } { 14 , 19 } { 11 , 13 } { 8 , 10 } { 10 , 8 } 
14 -> { 13 , 19 } { 11 , 20 } { 1 , 50 } { 9 , 15 } 
15 -> { 16 , 20 } 
16 -> { 15 , 20 } { 17 , 11 } { 2 , 18 } { 19 , 16 } 
17 -> { 16 , 11 } { 12 , 5 } 
18 -> { 1 , 11 } { 6 , 15 } 
19 -> { 16 , 16 } { 20 , 8 } { 21 , 12 } 
20 -> { 1 , 15 } { 19 , 8 } { 21 , 9 } 
21 -> { 20 , 9 } { 19 , 12 } 
22 -> { 3 , 12 } { 23 , 13 } 
23 -> { 6 , 21 } { 22 , 13 } 

--------------------

--------------------
0 I I I I I I I I I I I I I I I I I I I I I I I 
I 0 14 I I 14 15 I I I I I I I 50 I I I 11 I 15 I I I 
I 14 0 I 14 I I I I I I I I I I I 18 I I I I I I I 
I I I 0 I I 16 6 5 20 I I I I I I I I I I I I 12 I 
I I 14 I 0 I I I I I I I I I I I I I I I I I I I 
I 14 I I I 0 I I I I I 17 8 I I I I I I I I I I I 
I 15 I 16 I I 0 I I 3 I I I I I I I I 15 I I I I 21 
I I I 6 I I I 0 8 I 17 I I I I I I I I I I I I I 
I I I 5 I I I 8 0 I I I I 10 I I I I I I I I I I 
I I I 20 I I 3 I I 0 4 I I I 15 I I I I I I I I I 
I I I I I I I 17 I 4 0 I I 8 I I I I I I I I I I 
I I I I I 17 I I I I I 0 I 13 20 I I I I I I I I I 
I I I I I 8 I I I I I I 0 13 I I I 5 I I I I I I 
I I I I I I I I 10 I 8 13 13 0 19 I I I I I I I I I 
I 50 I I I I I I I 15 I 20 I 19 0 I I I I I I I I I 
I I I I I I I I I I I I I I I 0 20 I I I I I I I 
I I 18 I I I I I I I I I I I I 20 0 11 I 16 I I I I 
I I I I I I I I I I I I 5 I I I 11 0 I I I I I I 
I 11 I I I I 15 I I I I I I I I I I I 0 I I I I I 
I I I I I I I I I I I I I I I I 16 I I 0 8 12 I I 
I 15 I I I I I I I I I I I I I I I I I 8 0 9 I I 
I I I I I I I I I I I I I I I I I I I 12 9 0 I I 
I I I 12 I I I I I I I I I I I I I I I I I I 0 13 
I I I I I I 21 I I I I I I I I I I I I I I I 13 0 

--------------------

--------------------
0 I I I I I I I I I I I I I I I I I I I I I I I 
I 0 14 31 28 14 15 37 36 18 22 31 22 30 33 52 32 27 11 23 15 24 43 36 
I 14 0 45 14 28 29 51 50 32 36 45 34 44 47 38 18 29 25 34 29 38 57 50 
I 31 45 0 59 36 16 6 5 19 23 28 28 15 34 64 44 33 31 54 46 55 12 25 
I 28 14 59 0 42 43 65 64 46 50 59 48 58 61 52 32 43 39 48 43 52 71 64 
I 14 28 36 42 0 29 39 31 32 29 17 8 21 37 44 24 13 25 37 29 38 48 50 
I 15 29 16 43 29 0 22 21 3 7 28 28 15 18 64 44 33 15 38 30 39 28 21 
I 37 51 6 65 39 22 0 8 21 17 31 31 18 36 67 47 36 37 60 52 61 18 31 
I 36 50 5 64 31 21 8 0 22 18 23 23 10 29 59 39 28 36 55 51 60 17 30 
I 18 32 19 46 32 3 21 22 0 4 25 25 12 15 61 41 30 18 41 33 42 31 24 
I 22 36 23 50 29 7 17 18 4 0 21 21 8 19 57 37 26 22 45 37 46 35 28 
I 31 45 28 59 17 28 31 23 25 21 0 25 13 20 61 41 30 42 54 46 55 40 49 
I 22 34 28 48 8 28 31 23 25 21 25 0 13 32 36 16 5 33 32 37 44 40 49 
I 30 44 15 58 21 15 18 10 12 8 13 13 0 19 49 29 18 30 45 45 54 27 36 
I 33 47 34 61 37 18 36 29 15 19 20 32 19 0 68 48 37 33 56 48 57 46 39 
I 52 38 64 52 44 64 67 59 61 57 61 36 49 68 0 20 31 63 36 44 48 76 85 
I 32 18 44 32 24 44 47 39 41 37 41 16 29 48 20 0 11 43 16 24 28 56 65 
I 27 29 33 43 13 33 36 28 30 26 30 5 18 37 31 11 0 38 27 35 39 45 54 
I 11 25 31 39 25 15 37 36 18 22 42 33 30 33 63 43 38 0 34 26 35 43 36 
I 23 34 54 48 37 38 60 55 41 45 54 32 45 56 36 16 27 34 0 8 12 66 59 
I 15 29 46 43 29 30 52 51 33 37 46 37 45 48 44 24 35 26 8 0 9 58 51 
I 24 38 55 52 38 39 61 60 42 46 55 44 54 57 48 28 39 35 12 9 0 67 60 
I 43 57 12 71 48 28 18 17 31 35 40 40 27 46 76 56 45 43 66 58 67 0 13 
I 36 50 25 64 50 21 31 30 24 28 49 49 36 39 85 65 54 36 59 51 60 13 0 

--------------------

--------------------
-1 -1 -1 -1 -1 -1 -1 -1 -1 -1 -1 -1 -1 -1 -1 -1 -1 -1 -1 -1 -1 -1 -1 -1 
-1 -1 -1 6 2 -1 -1 6 6 6 9 5 5 10 9 16 2 12 -1 20 -1 20 6 6 
-1 -1 -1 6 -1 1 1 6 6 6 9 5 17 10 9 16 -1 16 1 16 1 20 6 6 
-1 6 6 -1 6 13 -1 -1 -1 6 7 13 13 8 9 17 17 13 6 20 6 20 -1 22 
-1 2 -1 6 -1 2 2 6 6 6 9 5 17 10 9 16 2 16 2 16 2 20 6 6 
-1 -1 1 13 2 -1 1 13 13 6 13 -1 -1 12 11 17 17 12 1 20 1 20 13 6 
-1 -1 1 -1 2 1 -1 3 3 -1 9 13 13 10 9 17 17 13 -1 20 1 20 3 -1 
-1 6 6 -1 6 13 3 -1 -1 10 -1 13 13 8 10 17 17 13 6 20 6 20 3 22 
-1 6 6 -1 6 13 3 -1 -1 13 13 13 13 -1 13 17 17 13 6 17 6 20 3 22 
-1 6 6 6 6 6 -1 10 13 -1 -1 13 13 10 -1 17 17 13 6 20 6 20 6 6 
-1 9 9 7 9 13 9 -1 13 -1 -1 13 13 -1 9 17 17 13 9 20 9 20 7 9 
-1 5 5 13 5 -1 13 13 13 13 13 -1 5 -1 -1 17 17 12 5 20 5 20 13 13 
-1 5 17 13 17 -1 13 13 13 13 13 5 -1 -1 13 17 17 -1 5 17 5 19 13 13 
-1 10 10 8 10 12 10 8 -1 10 -1 -1 -1 -1 -1 17 17 12 10 17 10 20 8 10 
-1 9 9 9 9 11 9 10 13 -1 9 -1 13 -1 -1 17 17 13 9 20 9 20 9 9 
-1 16 16 17 16 17 17 17 17 17 17 17 17 17 17 -1 -1 16 16 16 19 19 17 17 
-1 2 -1 17 2 17 17 17 17 17 17 17 17 17 17 -1 -1 -1 2 -1 19 19 17 17 
-1 12 16 13 16 12 13 13 13 13 13 12 -1 12 13 16 -1 -1 12 16 19 19 13 13 
-1 -1 1 6 2 1 -1 6 6 6 9 5 5 10 9 16 2 12 -1 20 1 20 6 6 
-1 20 16 20 16 20 20 20 17 20 20 20 17 17 20 16 -1 16 20 -1 -1 -1 20 20 
-1 -1 1 6 2 1 1 6 6 6 9 5 5 10 9 19 19 19 1 -1 -1 -1 6 6 
-1 20 20 20 20 20 20 20 20 20 20 20 19 20 20 19 19 19 20 -1 -1 -1 20 20 
-1 6 6 -1 6 13 3 3 3 6 7 13 13 8 9 17 17 13 6 20 6 20 -1 -1 
-1 6 6 22 6 6 -1 22 22 6 9 13 13 10 9 17 17 13 6 20 6 20 -1 -1 

--------------------
Through Brute -> 
Minimum time possible - 43
Mini time path traversed - 

 path Traversed by Driver 1 -> 1 6 3 7 

 path Traversed by Driver 2 -> 1 6 9 10 13 12 

 path Traversed by Driver 3 -> 1 18 1 20 

 path Traversed by Driver 4 -> 1 6 3 22 

Minimum distance possible - 112
Mini distance traversal - 

 path Traversed by Driver 1 -> 1 5 12 13 10 9 10 7 3 22 

 path Traversed by Driver 2 -> 1 18 

 path Traversed by Driver 3 -> 1 20 

 path Traversed by Driver 4 -> 

Minimum cost possible - 414
Mini Cost traversal - 

 path Traversed by Driver 1 -> 1 6 9 10 13 8 7 3 22 

 path Traversed by Driver 2 -> 1 5 12 

 path Traversed by Driver 3 -> 1 18 

 path Traversed by Driver 4 -> 1 20 

Mini time Cluster - 

--------------------

--------------------
3 7 
--------------------

--------------------
9 13 12 
--------------------

--------------------
18 20 
--------------------

--------------------
22 
--------------------

--------------------
Mini Distance Cluster - 

--------------------

--------------------
12 13 9 7 3 22 
--------------------

--------------------
18 
--------------------

--------------------
20 
--------------------

--------------------

--------------------

--------------------
Mini Cost Cluster - 

--------------------

--------------------
9 13 7 3 22 
--------------------

--------------------
12 
--------------------

--------------------
18 
--------------------

--------------------
20 
--------------------

--------------------

--------------------
Done

Time taken by brute function : 174392 ms ->  2.90653min
max vertex = 12
max vertex = 18
Original Clusters generated by Greedy - 
Clusters - 

-----------------------------
20 
-----------------------------

-----------------------------
22 3 7 
-----------------------------

-----------------------------
12 13 
-----------------------------

-----------------------------
18 9 
-----------------------------
Clusters - 

-----------------------------
20 
-----------------------------

-----------------------------
22 3 7 
-----------------------------

-----------------------------
13 12 
-----------------------------

-----------------------------
18 9 
-----------------------------

 path Traversed by Driver 1 -> 1 20 

 path Traversed by Driver 2 -> 1 6 3 22 3 7 

 path Traversed by Driver 3 -> 1 6 9 10 13 12 

 path Traversed by Driver 4 -> 1 18 6 9 

Time taken by Greedy Clustering function : 0ms
